20069 	О.Визе                 79.50   76.98
20087 	О.Голомянный           79.55   90.62
20292 	Им.Е.К.Федорова        77.72  104.30
20476 	Мыс Стерлегова         75.42   88.90
20667 	Им.Попова              73.33   70.05
20674 	О.Диксон               73.50   80.40
20744 	Малые Кармакулы        72.37   52.70
20891 	Хатанга                71.98  102.47
20982 	Волочанка              70.97   94.50
21432 	О.Котельный            76.00  137.87
21802 	Саскылах               71.97  114.08
21908 	Джалинда               70.13  113.97
21921 	Кюсюр                  70.68  127.40
21931 	Юбилейная              70.77  136.22
21946 	Чокурдах               70.62  147.88
21982 	О.Врангеля             70.98  178.48
22113 	Мурманск               68.97   33.05
22165 	Канин Нос              68.65   43.30
22217 	Кандалакша             67.15   32.35
22235 	Краснощелье            67.35   37.05
22471 	Мезень                 65.87   44.22
22520 	Кемь-порт              64.98   34.80
22550 	Архангельск            64.50   40.73
22619 	Паданы                 63.27   33.42
22641 	Онега                  63.90   38.12
22676 	Сура                   63.58   45.63
22768 	Шенкурск               62.10   42.90
22802 	Сортавала              61.72   30.72
22820 	Петрозаводск           61.82   34.27
22837 	Вытегра                61.02   36.45
23022 	Амдерма                69.75   61.70
23032 	Марресаля,мыс          69.72   66.80
23058 	Антипаюта              69.08   76.90
23074 	Дудинка                69.40   86.17
23205 	Нарьян-Мар             67.63   53.03
23242 	Новый Порт             67.68   72.88
23256 	Тазовск                67.47   78.73
23274 	Игарка                 67.47   86.57
23324 	Петрунь                66.43   60.77
23330 	Салехард, ЦГМС-2       66.50   66.68
23383 	Агата                  66.88   93.47
23405 	Усть-Цильма            65.43   52.27
23445 	Надым                  65.47   72.67
23463 	Янов Стан              65.98   84.27
23472 	Туруханск              65.78   87.93
23552 	Тарко-Сале,ОГМС        64.92   77.82
23631 	Березово               63.93   65.05
23662 	Толька                 63.98   82.08
23678 	Верхнеимбатск          63.15   87.95
23711 	Троицко-Печорское      62.70   56.20
23724 	Няксимволь             62.43   60.87
23734 	Октябрьское            62.45   66.05
23867 	Ларьяк                 61.10   80.25
23884 	Бор                    61.60   90.02
23891 	Байкит                 61.67   96.37
23914 	Чердынь                60.40   56.52
23921 	Ивдель                 60.68   60.45
23933 	Ханты-Мансийск,ЦГМС-2  61.02   69.03
23955 	Александровское        60.43   77.87
23966 	Ванжиль-Кынак          60.35   84.08
23986 	Северо-Енисейский      60.38   93.03
24125 	Оленек                 68.50  112.43
24136 	Сухана                 68.62  118.33
24143 	Джарджан               68.73  124.00
24266 	Верхоянск              67.57  133.40
24329 	Шелагонцы              66.25  114.28
24343 	Жиганск                66.77  123.40
24382 	Усть-Мома              66.45  143.23
24507 	Тура                   64.27  100.23
24606 	Кислокан               63.58  103.97
24641 	Вилюйск                63.78  121.62
24661 	Сеген-Кюель            64.00  130.30
24671 	Томпо                  63.95  135.87
24688 	Оймякон                63.25  143.15
24713 	Наканно                62.88  108.43
24738 	Сунтар                 62.15  117.65
24790 	Сусуман                62.78  148.17
24817 	Ербогачен              61.27  108.02
24908 	Ванавара               60.33  102.27
24959 	Якутск                 62.02  129.72
24966 	Усть-Мая               60.38  134.45
24967 	Тегюльтя               60.47  130.00
25062 	Мыс Биллингса          69.88  175.77
25138 	Островное              68.12  164.17
25173 	Мыс Шмидта             68.90  180.60
25206 	Среднеколымск          67.45  153.72
25248 	Илирней                67.25  168.97
25282 	Мыс Ванкарем           67.83  184.50
25325 	Усть-Олой              66.55  159.42
25356 	Эньмувеем              66.38  173.33
25378 	Эгвекинот              66.35  180.93
25399 	Уэлен                  66.17  190.83
25400 	Зырянка                65.73  150.90
25428 	Омолон                 65.23  160.53
25503 	Коркодон               64.75  153.97
25538 	Верхне-Пенжино         64.22  164.23
25551 	Марково                64.68  170.42
25563 	Анадырь                64.78  177.57
25594 	Бухта Провидения       64.42  186.86
25677 	Беринговская           63.05  179.32
25705 	Среднекан              62.45  152.32
25745 	Каменское              62.48  166.08
25927 	Брохово                59.65  154.27
25932 	Тайгонос               60.68  160.40
25954 	Корф                   60.35  166.00
25956 	Апука                  60.43  169.67
26063 	Санкт-Петербург        59.97   30.30
26157 	Гдов                   58.73   27.83
26275 	Старая Русса           58.02   31.32
26359 	Пушкинские Горы        57.02   28.90
26781 	Смоленск               54.75   32.07
26997 	Трубчевск              52.58   33.77
27037 	Вологда                59.32   39.92
27051 	Тотьма                 59.88   42.75
27333 	Кострома               57.77   40.85
27459 	Н.Новгород,АЭ          56.30   44.00
27595 	Казань,цгмс            55.80   49.30
27612 	Москва,ВДНХ            55.83   37.62
27648 	Елатьма                54.95   41.77
27675 	Порецкое               55.18   46.33
27707 	Сухиничи               54.10   35.35
27823 	Павелец                53.78   39.25
27857 	Земетчино              53.48   42.63
27995 	Безенчук               53.00   49.40
28009 	Кирс                   59.37   52.22
28064 	Леуши                  59.62   65.72
28138 	Бисер                  58.52   58.85
28224 	Пермь                  58.00   56.30
28255 	Туринск                58.05   63.68
28275 	Тобольск,ОГМС          58.15   68.25
28418 	Сарапул                56.47   53.73
28434 	Красноуфимск           56.65   57.78
28493 	Тара, ОГМС             56.90   74.38
28552 	Шадринск               56.08   63.63
28573 	Ишим                   56.10   69.43
28666 	Макушино               55.20   67.30
28698 	Омск,ОГМС              55.00   73.40
28704 	Чулпаново              54.50   50.40
28722 	Уфа,Дема               54.72   55.83
28748 	Троицк                 54.08   61.62
29111 	Средний Васюган        59.20   78.20
29231 	Колпашево              58.30   82.88
29263 	Енисейск               58.45   92.10
29282 	Богучаны               58.38   97.45
29313 	Пудино                 57.57   79.43
29328 	Бакчар                 57.00   82.07
29379 	Тасеево                57.20   94.55
29570 	Красноярск,оп.п.       56.03   92.75
29594 	Тайшет                 55.95   98.00
29612 	Барабинск              55.33   78.37
29645 	Кемерово,АГРО          55.25   86.22
29752 	Ненастная              54.75   88.82
29789 	Верхняя Гутара         54.22   96.97
29866 	Минусинск              53.70   91.70
29939 	Бийск-Зональная        52.68   84.95
30054 	Витим                  59.45  112.58
30089 	Джикимда               59.02  121.77
30230 	Киренск                57.77  108.07
30252 	Мамакан                57.82  114.02
30309 	Братск,обс.            56.28  101.75
30372 	Чара                   56.90  118.27
30385 	Усть-Нюкжа             56.58  121.48
30393 	Чульман                56.83  124.87
30433 	Нижнеангарск           55.78  109.55
30521 	Жигалово               54.80  105.17
30554 	Багдарин               54.47  113.58
30612 	Балаганск              54.00  103.07
30636 	Баргузин               53.60  109.60
30650 	Романовка,АМСГ         53.20  112.80
30673 	Могоча                 53.75  119.73
30710 	Иркутск,обс.           52.27  104.35
30758 	Чита                   52.08  113.48
30777 	Сретенск               52.23  117.70
30844 	Хилок                  51.35  110.47
30879 	Нерчинский з-д         51.32  119.62
30925 	Кяхта                  50.37  106.45
30935 	Красный Чикой          50.37  108.75
30949 	Кыра                   49.57  111.97
30965 	Борзя                  50.40  116.52
31004 	Алдан                  58.62  125.03
31088 	Охотск                 59.37  143.20
31137 	Токо                   56.28  131.13
31152 	Нелькан                57.65  136.15
31168 	Аян                    56.45  138.15
31174 	Большой Шантар         54.83  137.53
31253 	Бомнак                 54.72  128.87
31329 	Экимчан                53.08  132.98
31369 	Николаевск-на-Амуре    53.13  140.70
31416 	Им.П.Осипенко          52.42  136.50
31439 	Богородское            52.38  140.47
31478 	Софийский прииск       52.27  133.98
31707 	Екатерино-Никольское   47.73  130.97
31770 	Советская Гавань       49.00  140.30
31829 	Золотой                47.32  138.98
31960 	Владивосток            43.12  131.92
31961 	Тимирязевский          43.88  131.97
31989 	Преображение           42.90  133.90
32027 	Погиби                 52.22  141.63
32061 	Александровск-Сахал.   50.90  142.17
32076 	Пограничное            50.40  143.80
32098 	Поронайск              49.20  143.10
32099 	Мыс Терпения           48.65  144.73
32150 	Южно-Сахалинск         46.95  142.72
32165 	Южно-Курильск          44.02  145.87
32213 	Мыс Лопатка            50.87  156.68
32252 	Усть-Воямполка         58.50  159.17
32287 	Усть-Хайрюзово         57.08  156.70
32389 	Ключи                  56.32  160.83
32477 	Соболево               54.30  155.93
32509 	Семячик                54.10  159.98
32562 	Большерецк             52.83  156.30
32618 	Никольское(О.Беринга)  55.20  165.98
34110 	Богородицкое-Фенино    51.17   37.35
34123 	Воронеж                51.80   39.22
34152 	Балашов                51.55   43.15
34163 	Октябрьский Городок    51.63   45.45
34186 	Ершов                  51.37   48.30
34579 	Верхний Баскунчак      48.22   46.73
34720 	Таганрог               47.20   38.90
34740 	Гигант                 46.52   41.35
34866 	Яшкуль                 46.18   45.35
34880 	Астрахань,ГМО          46.28   47.98
34927 	Краснодар,Круглик      45.05   39.00
34949 	Ставрополь,АМСГ        45.12   42.08
35011 	Сорочинск              52.43   53.13
36038 	Змеиногорск            51.15   82.20
36064 	Яйлю                   51.80   87.60
36096 	Кызыл (Тув. ЦГМС)      51.72   94.50
36229 	Усть-Кокса             50.28   85.62
36259 	Кош-Агач               50.00   88.68
36307 	Эрзин                  50.27   95.12
37001 	Анапа,МГ               44.90   37.30
37061 	Буденновск             44.80   44.10
37107 	Красная Поляна         43.60   40.20
37126 	Шаджатмаз              43.73   42.67
37228 	Владикавказ            43.00   44.70
37470 	Дербент                42.10   48.30
37472 	Махачкала              42.97   47.55
37663 	Ахты                   41.47   47.75